<?xml version="1.0"?>
<opencv_storage>
<calibration_Time>"Mon 17 Jun 2019 09:43:07 AM CEST"</calibration_Time>
<nrOfFrames>45</nrOfFrames>
<image_Width>1280</image_Width>
<image_Height>960</image_Height>
<board_Width>9</board_Width>
<board_Height>6</board_Height>
<square_Size>27.</square_Size>
<FixAspectRatio>1.</FixAspectRatio>
<!-- flags:  +fix_aspectRatio +fix_principal_point +zero_tangent_dist -->
<flagValue>14</flagValue>
<Camera_Matrix type_id="opencv-matrix">
  <rows>3</rows>
  <cols>3</cols>
  <dt>d</dt>
  <data>
    1.0114542212589140e+03 0. 640. 0. 1.0114542212589140e+03 480. 0. 0.
    1.</data></Camera_Matrix>
<Distortion_Coefficients type_id="opencv-matrix">
  <rows>5</rows>
  <cols>1</cols>
  <dt>d</dt>
  <data>
    2.2149269828691490e-01 -5.6390519241412251e-01 0. 0.
    4.4809176517994936e-01</data></Distortion_Coefficients>
<Avg_Reprojection_Error>4.0429976699464049e-01</Avg_Reprojection_Error>
<Per_View_Reprojection_Errors type_id="opencv-matrix">
  <rows>45</rows>
  <cols>1</cols>
  <dt>f</dt>
  <data>
    4.46726650e-01 5.57501256e-01 8.90619934e-01 3.50512296e-01
    1.55899435e-01 1.72910929e-01 2.63316184e-01 3.65909666e-01
    6.16723776e-01 4.25582945e-01 5.18635452e-01 5.00209093e-01
    3.45990151e-01 2.86743551e-01 4.28689063e-01 3.00887972e-01
    2.53096700e-01 1.99341461e-01 2.56873637e-01 4.80032891e-01
    9.32908416e-01 5.32270133e-01 2.03076020e-01 4.06673163e-01
    5.17799318e-01 2.97227025e-01 2.28035673e-01 1.61254808e-01
    1.64764538e-01 1.87746331e-01 1.93262175e-01 1.96940839e-01
    1.81078359e-01 2.03690931e-01 2.30912134e-01 2.41180032e-01
    2.30976164e-01 2.27378562e-01 3.30159873e-01 2.85692722e-01
    2.08368510e-01 6.76648974e-01 6.33956552e-01 4.31704998e-01
    4.58711386e-01</data></Per_View_Reprojection_Errors>
<!-- a set of 6-tuples (rotation vector + translation vector) for each view -->
<Extrinsic_Parameters type_id="opencv-matrix">
  <rows>45</rows>
  <cols>6</cols>
  <dt>d</dt>
  <data>
    2.0017735060410147e-02 -1.2041098794389912e-01
    3.1133397132979752e+00 1.1771197618798094e+02 1.7415364640237438e+01
    5.1468094648109002e+02 -5.3337381407417217e-01
    1.6978817902108448e-01 -3.0471986850031083e+00
    2.0930941842319342e+02 3.9365602129619241e+01 4.1403957613649430e+02
    -4.8138065921565887e-01 -1.6552700909421209e-01
    3.0115047025129318e+00 5.3282497604191342e+01 3.9519324073855593e+01
    4.7825947159185796e+02 -9.3919044827467968e-01
    -2.8747183478901674e-02 2.7185888912736340e+00
    -6.5982491204667809e+01 2.4513217147334906e+01
    6.9005555094400211e+02 -9.9561262376255832e-01
    -8.8404038626289191e-02 2.6312664597674478e+00
    -2.3657900421739956e+02 5.5224864819695341e+01
    1.0025512395287534e+03 -9.6702496702668861e-01
    -9.7232606633527438e-02 2.6487176777194916e+00
    -2.1489251464151931e+02 7.5482132218598807e+01
    9.6043956041916840e+02 -8.5749857050559342e-01
    -2.4841829353751444e-02 2.6939380919046836e+00
    -1.5281308922346795e+02 1.0781535350409760e+02
    8.1652074920529674e+02 -8.0910638676748547e-01
    3.1459806298866466e-02 2.7252230091526779e+00
    -5.5265951638916739e+01 1.3441860779668971e+02
    6.3457896740993510e+02 -7.8399629659552295e-01
    9.3465482402216235e-02 2.7019558768235612e+00 7.0191998467649519e+00
    4.6737140330459169e+01 5.2683277382728158e+02
    -4.6936646521048571e-02 -3.9394769547438979e-02
    3.1136876672958236e+00 1.3103618807514761e+02 2.6795674537080473e+01
    4.7834777866924134e+02 -8.5567204118416251e-01
    -1.0633903439605376e-01 2.8399142537948610e+00
    6.4489636210769206e+01 -7.1099559730428794e+00
    5.6432339215581032e+02 -8.8048666485673321e-01
    -8.8305239526983395e-02 2.8015553468522367e+00
    6.8820885305082726e+01 -7.7549156248275848e+00
    5.6105497272871139e+02 6.5426519121159976e-01
    -3.3208751589391367e-01 3.0269386092254797e+00
    9.5909227965229036e+01 -9.8790363704428046e+00
    4.7011437801063340e+02 6.5916650551283007e-01
    -3.2226789132661510e-01 3.0362152053647757e+00
    9.6804369709017053e+01 -3.0547823952410433e+00
    4.6747451148339763e+02 -7.2788685232283645e-01
    3.0386069995541715e-01 -2.9235498247971310e+00
    2.2069625799834256e+02 2.6214417521580245e+01 4.9545561535947849e+02
    -7.4616779736345851e-01 2.1691634459476447e-01
    -2.7803607293019335e+00 3.3236644742334590e+02
    1.2641728969219014e+02 6.5085132144457521e+02
    -7.0724682986632292e-01 2.5043839938787593e-01
    -2.8183130208013685e+00 3.3244252015505305e+02
    2.1535495939569537e+02 6.6172893682687504e+02
    -6.9231184904392928e-01 2.3979836473175320e-01
    -2.8524643971754835e+00 3.1822024179381214e+02
    2.9580007807061429e+02 6.7273211600728541e+02
    -6.8177791672751620e-01 2.7130986475006202e-01
    -2.8554797295774366e+00 3.3195426912015989e+02
    2.9159925328696835e+02 6.7041853921003997e+02
    -2.3577123369840286e-01 1.8853544918032490e-02
    -3.0582115803442571e+00 1.4137509335275001e+02
    2.0677038910791996e+01 3.8515466914677017e+02
    -5.4791551645884062e-01 -2.1939938669897383e-02
    2.9863635205508232e+00 5.9760708786272652e+01 2.9597823547617857e+01
    4.4636676440747766e+02 -9.8694389335132304e-01
    1.1334466824529971e-01 2.6650186996232836e+00
    -5.9054309935291073e+01 9.8787315710471084e+00
    5.6455716264060425e+02 -9.4367530770286134e-01
    5.8393312761889982e-01 2.3240036455826316e+00
    -5.1622246525549357e+01 1.1274916963199456e+02
    6.1953054244864620e+02 1.9990838110732802e-02 1.2393793777753053e+00
    2.8715439770044227e+00 3.8947323593516153e+01 2.0725216047122444e+02
    5.0243897045302003e+02 -5.0197343133902193e-02
    -1.2761810607098840e+00 -2.8531835106383880e+00
    1.3823330703943853e+02 1.9249810134213584e+02 4.7174671093579781e+02
    2.0012634073299257e-02 1.3413714110400849e+00 2.8242822517914066e+00
    1.3213716411934377e+02 8.4324750590151879e+01 5.8117814304541992e+02
    -1.7907350599208439e-02 1.3633545430627121e+00
    2.8043092382359891e+00 -5.2771775809601337e+01
    7.0358637792969461e+01 6.1613295398901153e+02
    -8.3155227282911665e-02 -1.2807577597010806e+00
    -2.8567890085135899e+00 -1.4741454880986169e+02
    -2.2290284984196016e+00 8.1674917606346378e+02
    4.0807575666483145e-02 1.3111096515262766e+00 2.8470864146432566e+00
    -1.4280523471508786e+02 -5.8610397711077933e-01
    8.2908698818230698e+02 3.9661190869891991e-02 1.3542956101554162e+00
    2.8298886194581554e+00 1.2785618831224177e+02 1.1421236377171015e+01
    7.9635082114694808e+02 -1.3801002040319388e-02
    1.3938565108787546e+00 2.7819263377916350e+00 4.1066833852917028e+02
    -1.3726892427578690e+01 7.9048411301215219e+02
    2.0620325912993360e-02 1.3506923898554490e+00 2.8140504063646579e+00
    4.0249685949340159e+02 -9.3887245587887360e+00
    7.9961699612232485e+02 -5.1929846201615497e-02
    9.7632971722504791e-02 -3.1389281902677477e+00
    3.0195812510638552e+02 -3.5987151024115953e+01
    8.2822381139504614e+02 9.3213126875082000e-02
    -9.2144760552461813e-01 2.9756814344341325e+00
    2.8112251051741254e+02 -1.0281167342836959e+02
    8.6906904854171796e+02 8.6083186852438390e-02
    -9.1604354834472612e-01 2.9555150532278684e+00
    2.7817164702331968e+02 -1.0946594116298066e+02
    8.7064649997894310e+02 7.9063898501751245e-02
    -8.5552970009156426e-01 2.9671355094929917e+00
    1.4561358184419649e+02 -9.5780154183268081e+01
    8.9279576589903934e+02 1.3221527000962882e-01
    -8.4379153016980135e-01 2.9701251597307645e+00
    -3.6804717464377603e+01 -1.0605234476769208e+02
    9.0927093155568480e+02 -3.6219581540120421e-01
    -7.7546558681039957e-01 2.9493422475553146e+00
    -2.1969425015922033e+02 -1.3397573721551379e+02
    9.4422381789784913e+02 -2.9938439715007110e-02
    -6.0531912741186944e-01 3.0512833307990426e+00
    -2.9997149629373656e+01 -1.1521080649906805e+01
    7.7104171909083425e+02 -9.2803212263774281e-04
    -6.3061181223169693e-01 3.0329608851857230e+00
